% -------------------------------------------------------------------
%  Generated by MATLAB on 8-Sep-2023 10:37:52
%  MATLAB version: 9.14.0.2206163 (R2023a)
% -------------------------------------------------------------------
                                   

PressureLeft = [830; 400; 150; 51; 14; 3.9; 1.3; 0.47; 0.23; 0.14; 0.1; ...
                0.085; 0.075; 0.069; 0.064; 0.061; 0.058; 0.056; 0.054; ...
                0.052; 0.051; 0.049; 0.048; 0.046; 0.045; 0.044; 0.043; ...
                0.042; 0.041; 0.04; 0.039; 0.039; 0.038; 0.038; 0.037; ...
                0.036; 0.036; 0.035; 0.034; 0.034; 0.033; 0.033; 0.032; ...
                0.032; 0.032; 0.031; 0.031; 0.03; 0.03; 0.03; 0.029; 0.029; ...
                0.029; 0.028; 0.028; 0.028; 0.027; 0.027; 0.027; 0.027; ...
                0.026; 0.026; 0.026; 0.025; 0.025; 0.025; 0.024; 0.024; ...
                0.024; 0.024; 0.024; 0.023; 0.023; 0.023; 0.023; 0.022; ...
                0.022; 0.022; 0.022; 0.022; 0.021; 0.021; 0.021; 0.021; ...
                0.021; 0.02; 0.02; 0.02; 0.02; 0.02; 0.02; 0.02; 0.02; ...
                0.02; 0.02; 0.019; 0.019; 0.019; 0.019; 0.019; 0.019; 0.019; ...
                0.018; 0.018; 0.018; 0.018; 0.018; 0.018; 0.018; 0.018; ...
                0.018; 0.017; 0.017; 0.017; 0.017; 0.017; 0.017; 0.0035; ...
                2.9E-5; 3.4E-6; 2E-6; 1.5E-6; 1.1E-6; 1E-6; 9.7E-7; 8.7E-7; ...
                7.9E-7; 7.2E-7; 6.7E-7; 6.3E-7; 5.8E-7; 5.4E-7; 5.1E-7; ...
                4.8E-7; 4.6E-7; 4.4E-7; 4.3E-7; 4.1E-7; 4E-7; 3.9E-7; 3.7E-7; ...
                3.6E-7; 3.5E-7; 3.4E-7; 3.3E-7; 3.2E-7; 3.2E-7; 3.1E-7; ...
                3E-7; 3E-7; 2.9E-7; 2.9E-7; 2.8E-7; 2.8E-7; 2.7E-7; 2.7E-7; ...
                2.6E-7; 2.6E-7; 2.6E-7; 2.5E-7; 2.5E-7; 2.5E-7; 2.5E-7; ...
                2.4E-7; 2.4E-7; 2.4E-7; 2.4E-7; 2.4E-7; 2.3E-7; 2.3E-7; ...
                2.3E-7; 2.3E-7; 2.3E-7; 2.2E-7; 2.2E-7; 2.2E-7; 2.2E-7; ...
                2.2E-7];

