% -------------------------------------------------------------------
%  Generated by MATLAB on 3-May-2023 10:50:31
%  MATLAB version: 9.12.0.1884302 (R2022a)
% -------------------------------------------------------------------
                                           

BigTabelle = ...
  [0.001 0.004 0.003;
   0.065 0.097 0.021;
   0.167 0.197 0.141;
   0.269 0.3 0.256;
   0.371 0.403 0.37;
   0.473 0.509 0.484;
   0.575 0.612 0.599;
   0.677 0.713 0.713;
   0.778 0.816 0.825;
   0.88 0.918 0.938;
   0.982 1.022 1.047;
   1.084 1.124 1.157;
   1.184 1.224 1.267;
   1.285 1.327 1.375;
   1.386 1.429 1.483;
   1.488 1.532 1.589;
   1.589 1.634 1.694;
   1.689 1.734 1.81;
   1.789 1.836 1.913;
   1.889 1.937 2.019;
   1.989 2.039 2.122;
   2.089 2.14 2.225;
   2.188 2.242 2.327;
   2.287 2.341 2.427;
   2.386 2.442 2.528;
   2.485 2.543 2.626;
   2.584 2.644 2.725;
   2.683 2.743 2.822;
   2.781 2.843 2.92;
   2.879 2.942 3.017;
   2.977 3.042 3.111;
   3.075 3.142 3.206;
   3.173 3.24 3.299;
   3.27 3.339 3.39;
   3.368 3.438 3.483;
   3.465 3.538 3.572;
   3.562 3.636 3.662;
   3.657 3.733 3.751];

