% -------------------------------------------------------------------
%  Generated by MATLAB on 18-Dec-2019 21:29:51
%  MATLAB version: 9.6.0.1072779 (R2019a)
% -------------------------------------------------------------------
                                       

PosX11 = [94.69; 95.73; 111.31; 130.01; 145.59; 162.21; 180.9; 197.52; ...
          214.14000000000001; 230.75; 247.37; 265.03000000000003; 281.65000000000003; ...
          300.34000000000003; 316.96; 334.62; 352.27; 368.89; 386.54; 404.19; ...
          422.87; 441.56; 461.29; 475.82; 495.54; 515.27; 536.03; 553.68000000000006; ...
          573.4; 593.13; 609.74; 626.35; 648.15; 665.79; 684.48; 705.24; ...
          ];

